-0.01658816191723
-0.040406082805898
-0.029494541251481
0.14921029553624
-0.0036228960263243
-0.046242433864057
-0.030481255849145
0.09221235396377
-0.0040885504452067
0.13798634061612
0.078401718605179
-0.061832269583094
-0.065840807572531
-0.18184692632208
0.02631445078984
0.10125826180358
-0.017294649104223
0.010183541725356
0.065515608583324
-0.02070996124551
0.037641110243562
0.059756978875378
0.036009382002193
-0.036411063607057
-0.015002392576493
-0.15155262245995
-0.032217709710376
-0.1620084929423
-0.1048456431393
0.045244426238488
-0.11592394164524
0.11168126546413
-0.12462988572659
-0.18933127886718
-0.069597491406618
0.077794268224626
0.043041715017058
-0.067930370219863
-0.15225750847084
-0.083600295749347
-0.022227180005088
0.22821060845461
0.053552009891887
0.0039972047514425
-0.11721029989145
0.054257001092792
0.0016694350106283
-0.064190301900526
-0.17120356715767
0.24654648126031
0.019767337409672
0.022682378200348
0.0040287777047223
0.015642056447695
0.081851139776407
0.09386083724667
0.011935311934769
0.041925912063923
-0.10119655635616
0.069300314032944
0.10706252290708
0.12056431882226
0.12358513674093
-0.071082570022056
0.06769253268683
0.0460177096231
0.12430675200281
0.076178263221858
0.0030862690289194
-0.0033907328755124
0.061275634407417
0.062577081150331
-0.063137187032542
0.18063502632123
0.0324652585185
0.077535891896636
0.024439248811558
0.12474158999972
-0.049446074203262
-0.053014347636951
0.10710007529021
-0.070971451202422
-0.14067578271642
-0.06084541839056
0.059879528897618
0.031406936793598
-0.08536083039596
-0.13277103909506
0.10229478830966
0.03255351103749
-0.13817264931583
-0.018429683344255
-0.0025319786163654
0.12838981937269
-0.015241442540776
0.07439322064522
0.036656712095449
-0.075273933062142
0.085197811029042
0.28242537328798
-0.037401149328775
0.15386639553838
0.22184122458633
0.16917560227743
0.12558348183154
0.055199562969617
0.025057201793338
0.16918992255446
0.0090243556268176
0.065767420447823
-0.037002210920541
-0.013112242022502
0.65474314260096
0.049750695144002
0.068601353053857
-0.0045640329018921
0.086848288027711
0.10181000003291
-0.15579255277437
-0.25765997667525
-0.032672623657721
-0.16731455497193
-0.088976920484261
-0.0404692399094
-0.051064202360709
-0.14415985884948
0.14236001057381
-0.055048354433794
0.0078104414345278
0.032838985706652
0.015246463969463
-0.1198349171699
0.11809052518596
-0.091065397159309
0.033529156719882
0.011793734643482
-0.08421468063996
0.01069490679966
0.080941525560456
-0.056760040976563
0.091224394340252
0.0069429194574091
-0.021394398789768
-0.015523534165547
0.10342981700648
-0.15945579721698
-0.024869920690147
0.013852261789398
-0.016333563368602
-0.040215055349433
0.089430343554435
0.054139876044132
0.0001257734904091
-0.067146469075119
-0.040377101264292
0.049819329811384
-0.33669870241864
-0.10346246480673
-0.10098810868178
0.12053470754777
-0.062126492012898
0.04272348516478
0.17467079790897
0.051797233414918
0.20346526663197
-0.04519009038446
-0.0092140929240558
-0.13807094044021
-0.028526886094077
0.055203706120359
0.036478190935846
0.96938388507977
-0.13701930765973
-0.35639811723023
0.016605649619297
0.31792632170205
-0.077990971364382
-0.042965338199289
0.077435603609497
-0.032824149482392
-0.016801777187817
0.16417917612703
-0.063147604407435
1.066612859282
0.16913102154324
-0.069185007956664
0.20470045655333
0.11543177338803
0.065241062382391
0.44523035193575
-0.24193529178864
0.14805115491206
-0.18879599075804
0.10485700935634
0.092722666176901
-0.016398968974731
0.10427004507373
-0.08679412124841
-0.018128226238944
-0.088129633253805
-0.040047093951312
0.9998696696525
-0.081306257408021
0.16904084996531
-0.045743565784341
-0.056765968671761
-0.35597708223139
-0.073188967593874
0.034291510097659
0.045672420689424
0.70743422321627
-0.10030322067827
-0.17070295453092
0.10781306356018
-0.24769909595443
0.036062711827511
-0.11567361591117
0.42520392422673
0.056124948263617
-0.051088829702577
0.10354113980246
-0.027917949801316
0.049378511670152
0.17372045559573
0.059672000540031
-0.036007005306318
0.11028163783144
0.021754398980006
0.027470552668746
-0.043496638640696
-0.38370808707614
-0.10331232884393
-0.003367915687183
0.045409201703243
-0.22152256153022
-0.083611325034398
-0.14281588290536
-0.76532749644384
-0.4623771493577
-0.61977860501733
-0.025692409888822
0.12955262344626
-0.098667001010528
-0.04486503549886
0.32445652705817
0.052133455006668
-0.048732354152578
0.13820996694272
0.023646559492148
-0.29425331733129
0.043523137696593
-0.019722419058258
0.057622902574917
0.25889999521815
-0.047246897826258
-0.17609666753597
0.03668508523361
-0.3240582586589
-0.37999549524411
-0.21551097797595
-0.31675529471738
0.93234623032315
-0.6416046318778
-0.060957237500992
-0.22084363309349
-0.21607077568609
0.080306064861943
0.060400041738456
0.095805621464617
-0.0056226227674964
-0.013926606985669
0.020067865273131
0.025679754991716
0.049505927084779
0.074567592070922
-0.063572005388449
0.10809016731126
0.10721197263223
-0.56848296431353
-0.83028687208014
-0.26502525679333
-0.40403421903308
2.8798976912609
-0.48241895867708
0.035759317820964
0.17352070564179
-0.073447922718899
0.1687594255478
-0.49854250300773
-0.013169112486367
0.04941490216757
-0.0044181206282144
-0.22005378845964
-0.015253440669013
-0.066711388314902
-0.10340485585615
-0.12421908443048
-0.21191992692487
0.1051889512223
-0.096093772454444
-0.19470837530411
0.14259540707995
-0.23935681053088
-0.24495400191239
0.068140152741714
-0.10385539579382
-0.22969392254838
-0.038257673373587
-0.34425698426188
0.066322923790393
-0.51475352264298
-0.0053494117308935
-0.15618350203942
-0.2746431617459
0.0033432539128673
-0.017018458827224
-0.1062020734837
0.067925858781779
0.086665858013021
0.10504033496638
-0.26836143209242
0.020777163490405
-0.5949615389371
0.060420317449008
-0.18972600144554
0.010241370812399
-0.20836423634422
0.05595826235875
-0.28147438508172
-0.22948800891792
-0.2113197125898
-0.099813041230344
-0.4332201436596
-0.11520689366477
-0.29425387680505
-0.070462382040413
-0.03765107181162
-0.17624515594116
0.033485169256126
-0.029233130083324
-0.023140767913952
0.051223322826551
0.032268684017244
-0.087236716231943
-0.54338479014528
0.014047027616677
0.97426381243115
1.4663006963095
0.10093109868515
0.16078328224731
0.085026169138993
0.20388200024507
0.20350445912336
-0.020580737973013
-0.039199222025797
-0.18166377758219
0.024075582238055
0.29191940449274
0.25333214556812
-0.24668231976965
0.1085612736129
0.038177638154598
3.7444786705841
6.1220181027225
0.11956034834813
-0.5835493286493
0.2327463573806
-0.22469297158706
0.071137209411397
-0.28679033386697
-0.050518910265632
-0.1608171482907
-0.072386679991836
0.53634743745956
0.011276238372567
-0.28041384098474
0.079429757132402
-0.17750623861982
1.3222903576609
-0.59365807401003
0.29815511961026
0.15062478338436
0.063837483498621
-0.19585763036665
0.28212824299893
-0.34456400391924
0.0018396177225625
-0.091709976234848
0.036737961532032
0.082328142910925
0.22814529117807
0.00051757117859082
-0.015866999960416
-0.058466661927804
0.8614185380148
-0.082807690313391
-0.33095722425875
-0.039467131824291
0.15227067518974
0.054776149495687
0.12524975463046
0.051129640264527
-0.53848685933012
0.071236277736976
0.07938679393595
0.1469665516508
-0.061248288527711
-0.38354296139016
-0.10116211205616
-0.54611801434156
-0.019863946229386
0.069309989581827
0.098050579554911
-0.10595983250474
-0.25558786805134
-0.052710725209177
0.012047726676637
-0.12207094948304
-0.052039659849946
-0.033511730160162
0.28504507803366
0.15374669601356
0.21495141282389
-0.17808167126185
0.022972905566994
